jobs:
  - bin_index: 7
    events: 391323
    expected_events: 230983849
    X_min: 0.001161
    X_max: 0.001368
    Q_min: 0
    Q_max: 1000
    Z_min: -99999
    Z_max: 99999
    PhPerp_min: -99999
    PhPerp_max: 99999
    used_reconstructed_kinematics: true
    n_injections: 25
    injected: 0
    all_extracted: [0.002154289507834555, 0.0035664742444638108, 0.0027552618665899484, -0.003731985608832427, 0.0022466913232674158, -0.0022733828911999975, 0.005897659942588434, 0.00031154257753586456, 0.005082212658011929, 0.007148830506158334, 0.005936551294640243, 0.007445153313944821, 0.0014795145169135449, 0.008491015486156998, 0.00493449681965539, 0.008462467628681409, 0.010449724924018584, 0.0005993353130499659, 0.0005648623459694308, 0.005988782051407255, 0.004583976316415758, 0.0020722983860982118, 0.0023501110366416196, 0.004503237393694714, 0.005864128820903353]
    all_errors: [7.614252331251495e-05, 7.614219405916315e-05, 7.61426229781879e-05, 7.614234311845303e-05, 7.614293447332084e-05, 7.614250725427716e-05, 7.614217933191616e-05, 7.614287635284422e-05, 7.614170642620611e-05, 7.614167447612647e-05, 7.614217937013137e-05, 7.614209465360173e-05, 7.614291450353584e-05, 7.614111412443567e-05, 7.614231480390365e-05, 7.614196869289685e-05, 7.614140888340054e-05, 7.614269053163746e-05, 7.614290336262436e-05, 7.614201307604592e-05, 7.614262128857034e-05, 7.614285680320897e-05, 7.614254266279258e-05, 7.614236501616241e-05, 7.614223010759666e-05]
    mean_extracted: 0.003875329990984367
    stddev_extracted: 0.0034010731868938386