jobs:
  - bin_index: 13
    events: 1168787
    expected_events: 231765265
    X_min: 0.004058
    X_max: 0.005965
    Q_min: 0
    Q_max: 1000
    Z_min: -99999
    Z_max: 99999
    PhPerp_min: -99999
    PhPerp_max: 99999
    used_reconstructed_kinematics: true
    n_injections: 25
    injected: 0
    all_extracted: [0.003953431723177167, 0.005795644116467875, 0.00815864534219698, 0.00649200688981183, 0.006794209176920896, 0.007638587112873413, 0.0067242420007320135, 0.004957618365556726, 0.0054036973807992435, 0.004756116881566122, 0.005369783091903153, 0.008038930566620646, 0.004979148756371938, 0.008294468587175781, 0.009088493213863687, 0.007835174533453584, 0.00429613982833432, 0.006496289316552157, 0.0060384403375150575, 0.006500452470558577, 0.008786093743129561, 0.006541707294818787, 0.006501183063199744, 0.009263100634282111, 0.00900395010842706]
    all_errors: [5.287605034498332e-05, 5.287573559343979e-05, 5.28745682005932e-05, 5.287537488271985e-05, 5.287530679108266e-05, 5.287515263989044e-05, 5.287536162502563e-05, 5.287583592393624e-05, 5.28756344373531e-05, 5.287579452140575e-05, 5.287559793295752e-05, 5.287495106275078e-05, 5.287580801763742e-05, 5.287457436804587e-05, 5.287449327742956e-05, 5.2875137136845124e-05, 5.287599727415856e-05, 5.2875205671326776e-05, 5.287569716288241e-05, 5.2875455300679074e-05, 5.287492784614929e-05, 5.287553182949363e-05, 5.2875491766037123e-05, 5.287424185050735e-05, 5.287411257046925e-05]
    mean_extracted: 0.006708302181452338
    stddev_extracted: 0.001562143598266978