jobs:
  - bin_index: 14
    events: 2663446
    expected_events: 231511644
    X_min: 0.005965
    X_max: 0.010936
    Q_min: 0
    Q_max: 1000
    Z_min: -99999
    Z_max: 99999
    PhPerp_min: -99999
    PhPerp_max: 99999
    used_reconstructed_kinematics: true
    n_injections: 25
    injected: 0
    all_extracted: [0.017492563935439888, 0.016643344264139645, 0.01664042805670807, 0.01641553988687382, 0.018102677515386162, 0.017954941730428303, 0.016891618030489764, 0.01565518669703579, 0.014723738438887662, 0.017043694869403225, 0.01688519570030225, 0.01391399622412735, 0.016978764444781386, 0.015430701374390777, 0.018690055513162735, 0.014606710931162583, 0.01580220029418013, 0.014199537664079689, 0.015613810490287624, 0.016278191999071646, 0.017300087858487797, 0.015074234341568108, 0.016667116445472342, 0.015668163205813566, 0.015520796824495505]
    all_errors: [5.530865723876293e-05, 5.530975757745063e-05, 5.5309183211763145e-05, 5.530922433667215e-05, 5.530804907141575e-05, 5.530854753104613e-05, 5.530902327139058e-05, 5.530937567196447e-05, 5.5310183227797474e-05, 5.530872688892358e-05, 5.530892304391948e-05, 5.531063514884491e-05, 5.5308287615871e-05, 5.530996592583625e-05, 5.530835929305025e-05, 5.5310461577613415e-05, 5.530906394496307e-05, 5.531028887490525e-05, 5.5310231964570196e-05, 5.530963862232327e-05, 5.530885995962662e-05, 5.5309511123076306e-05, 5.5309340554511425e-05, 5.530959208494581e-05, 5.5309720790782395e-05]
    mean_extracted: 0.016247731869447037
    stddev_extracted: 0.0012247339938711841