jobs:
  - bin_index: 0
    events: 385503
    expected_events: 553973530
    X_min: 4e-05
    X_max: 0.000128
    Q_min: 0
    Q_max: 1000
    Z_min: -99999
    Z_max: 99999
    PhPerp_min: -99999
    PhPerp_max: 99999
    used_reconstructed_kinematics: true
    n_injections: 25
    injected: 0
    all_extracted: [0.003987613951856275, 0.0031637600671113727, -0.0012785541726600931, 0.01177209268163556, 0.008907886236400882, 0.0027977653261774217, 0.005732878738429691, 0.005444180640815915, 0.008567537058519478, 0.004816801007175186, 0.005694714832633621, 0.0021023166688954537, 0.005815084073421685, 0.012613852948830656, 0.003958540812294186, 0.0052215770418666905, 0.0033597221008793672, 6.398970850775992e-05, 0.00885343656438195, 0.00019800025413911344, 0.006382994309456432, 0.00249201885958806, 0.004765157228063995, 0.005004626629695466, 0.0043662619403104395]
    all_errors: [8.530810003502905e-05, 8.530796930301271e-05, 8.530832810318224e-05, 8.530538875625127e-05, 8.530720991453729e-05, 8.530834636565465e-05, 8.530840146222606e-05, 8.530809534729625e-05, 8.530507923977564e-05, 8.530810946243257e-05, 8.530759095237086e-05, 8.530808850450168e-05, 8.530777404088585e-05, 8.530652797116627e-05, 8.530792794608068e-05, 8.530690307419482e-05, 8.530775248024859e-05, 8.530866283366559e-05, 8.530678632635056e-05, 8.530819612808727e-05, 8.530870971943679e-05, 8.530853732909093e-05, 8.530768578469391e-05, 8.530709967837028e-05, 8.530891453634148e-05]
    mean_extracted: 0.0049921702203370635
    stddev_extracted: 0.003326432820202263