jobs:
  - bin_index: 11
    events: 693891
    expected_events: 231978945
    X_min: 0.002385
    X_max: 0.003026
    Q_min: 0
    Q_max: 1000
    Z_min: -99999
    Z_max: 99999
    PhPerp_min: -99999
    PhPerp_max: 99999
    used_reconstructed_kinematics: true
    n_injections: 25
    injected: 0
    all_extracted: [0.00438179103089034, 0.005678635296949043, 0.00135869996040703, 0.0043789272051465815, 0.0028095393442445047, 0.0034896036847006204, 0.00643025862739903, 0.004316803511434882, 0.004456644132355953, 0.003186301900902163, 0.005217565469109453, 0.004851674008877705, 0.001706818352041617, 0.0012824744407454475, 0.004379326391623195, 0.005148288317572076, -0.00013673656009448797, 0.005838588764426466, 0.003369411283823657, 0.004778049849066809, 0.0031034820315703946, 0.005459695957699311, 0.006181620653902755, 0.004780892234974388, 0.004695799024974882]
    all_errors: [5.832287692793726e-05, 5.832259831965467e-05, 5.832327994706295e-05, 5.832298215512582e-05, 5.832296573808839e-05, 5.8323315268292094e-05, 5.832295891359975e-05, 5.832311983907008e-05, 5.832305894038759e-05, 5.832325227651487e-05, 5.832293140557309e-05, 5.832254876069623e-05, 5.832330490540375e-05, 5.832350409321054e-05, 5.832266429732417e-05, 5.832275290999514e-05, 5.832331744071484e-05, 5.8322635984926386e-05, 5.832324747699363e-05, 5.832301411299573e-05, 5.832315952457314e-05, 5.832250148160002e-05, 5.83222373647946e-05, 5.8323045268154206e-05, 5.8322946828114605e-05]
    mean_extracted: 0.004045766196589752
    stddev_extracted: 0.0016480275085743433