jobs:
  - bin_index: 2
    events: 420221
    expected_events: 593208953
    X_min: 0.000208
    X_max: 0.000319
    Q_min: 0
    Q_max: 1000
    Z_min: -99999
    Z_max: 99999
    PhPerp_min: -99999
    PhPerp_max: 99999
    used_reconstructed_kinematics: true
    n_injections: 25
    injected: 0
    all_extracted: [0.005831893544502095, 0.005275588431915915, 0.003563870842535643, 0.0024404652749755516, 0.001123328527529803, -0.0015891292461551298, 0.004536835813397578, 0.004928469453444576, 0.008282394645344068, 0.008727533612488864, 0.0015383663610468949, 0.0037463357979912095, 0.003446704472312531, 0.005764866432630015, 0.008226438172906301, 0.003575337988540948, 0.005172256934323304, 0.0034336337411636658, 0.0020982394147181166, 0.0009950857479615455, 0.007723947246571419, 0.004597422751028896, 0.006314844746665997, 0.005834226670687023, 0.0030342199502467987]
    all_errors: [6.516147481374645e-05, 6.516149472448694e-05, 6.51618738967922e-05, 6.516204744297842e-05, 6.516233916903525e-05, 6.516222088654245e-05, 6.516189014538528e-05, 6.5161852706284e-05, 6.516061547472833e-05, 6.51602093815861e-05, 6.516218587931407e-05, 6.516185136667251e-05, 6.516199344776251e-05, 6.516199657405648e-05, 6.51609719842767e-05, 6.516244550585436e-05, 6.516160126214045e-05, 6.516175546818035e-05, 6.516231760371413e-05, 6.516226367190301e-05, 6.516118012030544e-05, 6.516156004216586e-05, 6.516176288685726e-05, 6.516145973922489e-05, 6.516228020519009e-05]
    mean_extracted: 0.004344927093150945
    stddev_extracted: 0.002514895248546107