jobs:
  - bin_index: 12
    events: 861836
    expected_events: 232710977
    X_min: 0.003026
    X_max: 0.004058
    Q_min: 0
    Q_max: 1000
    Z_min: -99999
    Z_max: 99999
    PhPerp_min: -99999
    PhPerp_max: 99999
    used_reconstructed_kinematics: true
    n_injections: 25
    injected: 0
    all_extracted: [0.006319290991413418, 0.004972966608706139, 0.003740181928665737, 0.0052439810445808945, 0.003853851369191101, 0.005647844744790809, 0.0032410938556460944, 0.00666160661780376, 0.0052265882477856625, 0.003971999424966721, 0.003679562006948823, 0.004998236012873981, 0.005576811820963423, 0.003233201626221051, 0.003236782035684142, 0.004988200191840292, 0.006524820087752001, 0.003909950745174574, 0.004397523224301585, 0.005448286149480538, 0.003990053403793382, 0.0049670046671922334, 0.007290636056704431, 0.004615871936726619, 0.005593871176987024]
    all_errors: [5.4832176150409e-05, 5.4832573367629206e-05, 5.483279286472627e-05, 5.483255396634604e-05, 5.48327865110474e-05, 5.4832463134311764e-05, 5.483285079030991e-05, 5.4832261790480535e-05, 5.4832738617768455e-05, 5.4832722155461535e-05, 5.4832764911841135e-05, 5.483261520219256e-05, 5.483240717353805e-05, 5.48327908021825e-05, 5.4832839006647746e-05, 5.4832714296224416e-05, 5.4832346902006937e-05, 5.483266831213097e-05, 5.483248389745588e-05, 5.48325126884117e-05, 5.483265720802642e-05, 5.4832400090734075e-05, 5.4831994182714605e-05, 5.483263706284589e-05, 5.483230230936245e-05]
    mean_extracted: 0.004853208639047778
    stddev_extracted: 0.0011309636095963717