jobs:
  - bin_index: 8
    events: 448836
    expected_events: 233622205
    X_min: 0.001368
    X_max: 0.001627
    Q_min: 0
    Q_max: 1000
    Z_min: -99999
    Z_max: 99999
    PhPerp_min: -99999
    PhPerp_max: 99999
    used_reconstructed_kinematics: true
    n_injections: 25
    injected: 0
    all_extracted: [0.005585312664037081, 0.005874707336994306, 0.006219277951784901, 0.007991449105139665, 0.00532924764786222, 0.00679008159841641, 0.0019680521158021076, 0.006361162131503205, 0.004403074621323964, 0.0034402420332022426, 0.005279232462368872, 0.006101431294610712, 0.005229506928033879, 0.0021066956000258433, 0.004624729125579715, 0.0016413890326504982, 0.006400013482251735, -0.00018940272434663668, 0.0028453535634143075, 0.007294625315853958, 0.006506348195949907, 0.002131177094351676, 0.005528002639572844, 0.004154398373974561, 0.003009341252610752]
    all_errors: [7.068310320821437e-05, 7.068282610337478e-05, 7.068339659043684e-05, 7.068194772532127e-05, 7.068284343799792e-05, 7.06829867137823e-05, 7.068351394486029e-05, 7.068246900464228e-05, 7.068290713787951e-05, 7.068389728872016e-05, 7.068346699984541e-05, 7.068290159753869e-05, 7.068322661297167e-05, 7.068378793296992e-05, 7.068372792725828e-05, 7.068337537577457e-05, 7.068291186730759e-05, 7.068368303310454e-05, 7.068335178279422e-05, 7.068244433594827e-05, 7.068283392723643e-05, 7.068322284080809e-05, 7.068282373645276e-05, 7.068317046858178e-05, 7.068330703708437e-05]
    mean_extracted: 0.004665017953718749
    stddev_extracted: 0.0020542115733109515