jobs:
  - bin_index: 4
    events: 481410
    expected_events: 586827543
    X_min: 0.000473
    X_max: 0.000687
    Q_min: 0
    Q_max: 1000
    Z_min: -99999
    Z_max: 99999
    PhPerp_min: -99999
    PhPerp_max: 99999
    used_reconstructed_kinematics: true
    n_injections: 25
    injected: 0
    all_extracted: [0.0029905935913931564, 0.0031172648787661113, 0.0031498480551452887, 0.007032545268122357, 0.004746589044927256, 0.0015168378848424585, 0.006216254181191644, -0.0009020421499635228, 0.00885158527695628, 0.009054923607431868, 0.005189914871912337, 0.004543848624704909, 0.005640529905470584, 0.006081821355225402, 0.005888806322262729, 0.006894978390212437, 0.005887395695866661, 0.003244533823100239, 0.006969303764983538, 0.002322270650706147, 0.004427188334113436, 0.004158191390683654, 0.004693747404070456, 0.006197750646122948, 0.007614401372454305]
    all_errors: [6.176805792360083e-05, 6.176804026434783e-05, 6.176795318408909e-05, 6.17672274641903e-05, 6.176749597673915e-05, 6.176810784419204e-05, 6.176796486696831e-05, 6.176816426174743e-05, 6.17662288548621e-05, 6.176708824441257e-05, 6.176749876924683e-05, 6.176757841206504e-05, 6.176788542690295e-05, 6.176711359756712e-05, 6.176747913683667e-05, 6.176685353794008e-05, 6.176751484325343e-05, 6.176820255697715e-05, 6.176656326550752e-05, 6.176797677330045e-05, 6.176754081855932e-05, 6.176785941302513e-05, 6.176783997256993e-05, 6.176718629664027e-05, 6.176693713780139e-05]
    mean_extracted: 0.005021163287628107
    stddev_extracted: 0.002286154754670713