jobs:
  - bin_index: 10
    events: 574444
    expected_events: 227460129
    X_min: 0.00195
    X_max: 0.002385
    Q_min: 0
    Q_max: 1000
    Z_min: -99999
    Z_max: 99999
    PhPerp_min: -99999
    PhPerp_max: 99999
    used_reconstructed_kinematics: true
    n_injections: 25
    injected: 0
    all_extracted: [0.004859313779576659, 0.004838758638089377, 0.007506306319795443, 0.004763427657293406, 0.0031445298371173096, 0.0015918061936430685, 0.007180675223743873, 0.006255434486477561, 0.007556298652053828, -0.0002794733743043401, 0.005795758387199834, 0.00029743250699920014, 0.005121457920360411, 0.0021685422802332484, 0.0026565357203118846, 0.0036671868208047707, 0.005588257655346516, 0.004837853360493197, 0.0036045612863476193, 0.002687742579846075, 0.006335864636636832, -4.10715500626288e-05, 0.005302343054086709, 0.001137835379818412, 0.005593601289382213]
    all_errors: [6.287323694848318e-05, 6.287354343552269e-05, 6.287308352289661e-05, 6.287312631470789e-05, 6.287357178407176e-05, 6.287365064016458e-05, 6.287252573124935e-05, 6.287307224150052e-05, 6.287238922235011e-05, 6.287366332574712e-05, 6.287310883931776e-05, 6.287367179835168e-05, 6.287335359921696e-05, 6.287360549023643e-05, 6.287356121707352e-05, 6.287343104106804e-05, 6.287329421624703e-05, 6.287323358179505e-05, 6.287314943986835e-05, 6.287334941156859e-05, 6.287272981491212e-05, 6.287366616324418e-05, 6.287322344037595e-05, 6.287339843419637e-05, 6.28731722594537e-05]
    mean_extracted: 0.00408683914965162
    stddev_extracted: 0.002323834104943868