jobs:
  - bin_index: 9
    events: 498963
    expected_events: 228927326
    X_min: 0.001627
    X_max: 0.00195
    Q_min: 0
    Q_max: 1000
    Z_min: -99999
    Z_max: 99999
    PhPerp_min: -99999
    PhPerp_max: 99999
    used_reconstructed_kinematics: true
    n_injections: 25
    injected: 0
    all_extracted: [0.001117310122742916, 0.003920995581018833, 0.007145110003539362, 0.008439646669029448, 0.002623075705824959, 0.0054335986542409405, 0.006137290082499645, 0.004745511996833847, 0.0032512512661840953, 0.004461471581334302, 0.0010902881141705571, 0.002144853563181677, 0.0033308196610739977, 0.004662139931981724, 0.003172195634906388, 0.0052407168226183435, 0.006041109017468567, 0.0007328965036075359, 0.0017417856989983683, -0.0012910303764020927, 0.0025055749753948916, 0.006558791841689968, -0.001526373197887345, -0.0003431800476478359, 0.002371138990890078]
    all_errors: [6.694228946966381e-05, 6.694193667207808e-05, 6.694121645631939e-05, 6.69404091858158e-05, 6.694207774518355e-05, 6.694143198351665e-05, 6.694132735623139e-05, 6.694142784255229e-05, 6.694209967841889e-05, 6.694200366386334e-05, 6.694231552925843e-05, 6.694227529590098e-05, 6.694192248907545e-05, 6.694185569698367e-05, 6.694188391626422e-05, 6.69418942632136e-05, 6.694183309695252e-05, 6.694227191181664e-05, 6.694218375458547e-05, 6.694213449471027e-05, 6.694202461770384e-05, 6.694118254626579e-05, 6.694233370694592e-05, 6.694223316761645e-05, 6.694214496773742e-05]
    mean_extracted: 0.0033482795518917263
    stddev_extracted: 0.0025895603518859365