jobs:
  - bin_index: 5
    events: 683546
    expected_events: 592054544
    X_min: 0.000687
    X_max: 0.001
    Q_min: 0
    Q_max: 1000
    Z_min: -99999
    Z_max: 99999
    PhPerp_min: -99999
    PhPerp_max: 99999
    used_reconstructed_kinematics: true
    n_injections: 25
    injected: 0
    all_extracted: [0.004489696761045364, 0.00430363858808998, 0.007868621443623006, 0.0020326063512162147, 0.0009073350235017695, 0.007344409433726827, 0.003433475006076452, 0.004706309506803703, 0.005295091740876415, 0.00603387224125852, 0.0049369666417952655, 0.006630141936330627, 0.002647694060083085, 0.0023360577496275067, 0.006593417971948901, 0.008288072622887626, 0.004658028384807455, 0.005239659689249628, 0.0003626800525352818, 0.0042960402790006855, 0.007844457609040421, 0.002222184431682762, 0.006862094136910534, 0.006309339207584976, 0.007951136270507744]
    all_errors: [5.6404935027384936e-05, 5.640504207370351e-05, 5.6404150168984714e-05, 5.640496594738229e-05, 5.640506461583629e-05, 5.6404800227740975e-05, 5.640514377068924e-05, 5.64047574804377e-05, 5.6404966488781616e-05, 5.6404561609100375e-05, 5.6404784487124394e-05, 5.640455721925808e-05, 5.6405008663586626e-05, 5.640472113039407e-05, 5.640443531874539e-05, 5.640401702992762e-05, 5.64047703867445e-05, 5.640486248148682e-05, 5.640508436409085e-05, 5.640475732826485e-05, 5.640397998871921e-05, 5.640512816081831e-05, 5.640461872324412e-05, 5.64043589458902e-05, 5.640403747800702e-05]
    mean_extracted: 0.004943721085608429
    stddev_extracted: 0.002274473032775532