jobs:
  - bin_index: 15
    events: 23305236
    expected_events: 236651254
    X_min: 0.010936
    X_max: 0.99979
    Q_min: 0
    Q_max: 1000
    Z_min: -99999
    Z_max: 99999
    PhPerp_min: -99999
    PhPerp_max: 99999
    used_reconstructed_kinematics: true
    n_injections: 25
    injected: 0
    all_extracted: [0.05605475070899109, 0.055251592654895695, 0.05538210422834134, 0.05543150164145198, 0.05497704532685701, 0.05542905616210708, 0.0551493037010969, 0.055495039110324676, 0.055265520419329764, 0.05511128372294106, 0.055138797769936604, 0.05509383724658882, 0.055195718109755154, 0.055119603970381535, 0.05497162751821253, 0.05559955933165185, 0.055116317142961745, 0.05482109905135091, 0.054887133567257336, 0.055006065013157524, 0.054570420175086565, 0.05515223450522475, 0.05528005881607279, 0.055405013719536364, 0.05571168692897894]
    all_errors: [3.5906053266226274e-05, 3.590747839768541e-05, 3.5907228707816195e-05, 3.59069179075405e-05, 3.590750173832548e-05, 3.590738746197577e-05, 3.59079451275045e-05, 3.590705521817553e-05, 3.5907288187547767e-05, 3.590747566730706e-05, 3.590729548067314e-05, 3.590757612684508e-05, 3.5907604421385934e-05, 3.5907985822415915e-05, 3.590802193416231e-05, 3.59070033182086e-05, 3.590781250650308e-05, 3.590806021352499e-05, 3.5908272178371335e-05, 3.590726299333293e-05, 3.590853108562818e-05, 3.590754128741916e-05, 3.590735074509855e-05, 3.590734358949444e-05, 3.590696762866579e-05]
    mean_extracted: 0.055224654821699574
    stddev_extracted: 0.0003053042724366204