jobs:
  - bin_index: 6
    events: 332434
    expected_events: 227297869
    X_min: 0.001
    X_max: 0.001161
    Q_min: 0
    Q_max: 1000
    Z_min: -99999
    Z_max: 99999
    PhPerp_min: -99999
    PhPerp_max: 99999
    used_reconstructed_kinematics: true
    n_injections: 25
    injected: 0
    all_extracted: [0.004358207414675255, 0.0022839059109643063, -0.0006782626293468303, -3.745799116939132e-05, 0.003768648641974193, 0.003722822060918216, 0.0014369959759007829, 0.00722206590062558, 0.0031721420582909955, 0.0076323586986089716, 0.005318282724300596, 0.0012194760234711297, -0.0013807933920812366, 0.005072544896719655, 0.0062766959545731485, 0.007364923492552185, 0.0008758140256126706, 0.008769355186856327, 0.002337296264916826, 0.0021307698832891465, 0.005630492250594619, 0.0021657278230023114, 0.0021199853107165666, 0.0006507260609092961, -6.0773782691961396e-05]
    all_errors: [8.223797680726148e-05, 8.223784939566098e-05, 8.223763767396987e-05, 8.223773635864892e-05, 8.223691183744084e-05, 8.223751220719368e-05, 8.223741529669046e-05, 8.223673188181987e-05, 8.223764765413726e-05, 8.223591288395662e-05, 8.223654995169205e-05, 8.223755240900941e-05, 8.223797541381071e-05, 8.223783203460343e-05, 8.223610994979546e-05, 8.223607985022908e-05, 8.223771805126194e-05, 8.22357244382926e-05, 8.223713817805906e-05, 8.22378775383317e-05, 8.223656592999101e-05, 8.22377356185553e-05, 8.223750500578344e-05, 8.223777757755548e-05, 8.223773445435967e-05]
    mean_extracted: 0.003254877950567334
    stddev_extracted: 0.002816988711057105