jobs:
  - bin_index: 1
    events: 415202
    expected_events: 595794778
    X_min: 0.000128
    X_max: 0.000208
    Q_min: 0
    Q_max: 1000
    Z_min: -99999
    Z_max: 99999
    PhPerp_min: -99999
    PhPerp_max: 99999
    used_reconstructed_kinematics: true
    n_injections: 25
    injected: 0
    all_extracted: [0.011470342827764497, 0.006373256111928075, 0.005932764864660672, 0.005326553752538192, 0.0035962934286141086, 0.005221114312922692, 0.00886731155150409, 0.006997758172124689, 0.005648339026030619, 0.007498809189403841, 0.003099344383164791, 0.0031155838719691634, 0.0023772039455223636, 0.008915548254465269, 0.005196951492765481, 0.0030710150875196476, 0.004464725935763773, 0.004491465115825654, 0.002376146487830709, 0.0002732696622053869, 0.005073157290393464, 0.00513265234086086, 0.005789882535200267, 0.006822142696194055, 0.003141659584783362]
    all_errors: [6.839573030140814e-05, 6.839761631993668e-05, 6.839730721713335e-05, 6.839710701520028e-05, 6.839797309965355e-05, 6.839740150858136e-05, 6.839699215336824e-05, 6.839737221867596e-05, 6.839752672737495e-05, 6.8396774276552e-05, 6.839811848088448e-05, 6.839817521345962e-05, 6.839811996856167e-05, 6.839669140301912e-05, 6.839780171720153e-05, 6.839789867668395e-05, 6.839753484685908e-05, 6.83979330952363e-05, 6.839839117148738e-05, 6.839821136145775e-05, 6.839749944484009e-05, 6.839799035402098e-05, 6.839798258686439e-05, 6.839688412406068e-05, 6.839797381751244e-05]
    mean_extracted: 0.005210931676878229
    stddev_extracted: 0.0024287551501686214