jobs:
  - bin_index: 3
    events: 428311
    expected_events: 588490380
    X_min: 0.000319
    X_max: 0.000473
    Q_min: 0
    Q_max: 1000
    Z_min: -99999
    Z_max: 99999
    PhPerp_min: -99999
    PhPerp_max: 99999
    used_reconstructed_kinematics: true
    n_injections: 25
    injected: 0
    all_extracted: [0.003958905482796333, 0.00853194586284185, 0.005297835440319144, 0.0039354581852612215, 0.0036179237170861234, 0.0115894252542284, 0.0073196385335116574, 0.006589974415099171, 0.005575875228884937, 0.0024908337500325257, 0.00562845595133368, 0.004925302041063081, 0.0049272327315275834, 0.006446344663049138, 0.0035854531727206717, 0.004594664060329421, 0.005018797035218494, 0.0074624252548921785, 0.0045434404635611965, 0.00800215014476929, 0.007918724043147477, 0.006153926852657692, 0.007480240454954176, 0.0029670755740528213, 0.0012143213654055261]
    all_errors: [6.360258897097573e-05, 6.360173679648106e-05, 6.360209406837995e-05, 6.360277302439628e-05, 6.36027353085815e-05, 6.360048470435237e-05, 6.360175961864272e-05, 6.360246714324072e-05, 6.360207796012004e-05, 6.360239226824137e-05, 6.3602466146207e-05, 6.360225766455357e-05, 6.360203988457719e-05, 6.360201177083954e-05, 6.360224933871442e-05, 6.360256281694486e-05, 6.360195240919779e-05, 6.360203084795396e-05, 6.360195356299079e-05, 6.360233162656062e-05, 6.360149221204703e-05, 6.360194062928996e-05, 6.360195439006736e-05, 6.36027020237914e-05, 6.360280710150948e-05]
    mean_extracted: 0.0055910547871497514
    stddev_extracted: 0.0022391241055058245