jobs:
  - bin_index: 2
    events: 250995
    expected_events: 1395373893
    X_min: 0.000821
    X_max: 0.001137
    Q_min: 0
    Q_max: 1000
    Z_min: -99999
    Z_max: 99999
    PhPerp_min: -99999
    PhPerp_max: 99999
    used_reconstructed_kinematics: true
    n_injections: 25
    injected: 0
    all_extracted: [-0.003954074998057219, 0.0035039321309807843, 0.002204346056917333, 0.001606353959113134, 0.0025996938995351683, 0.004778960088148453, 0.006119919790861834, -6.324708827333016e-05, 0.006601905944084884, 0.0011574611703813512, -0.0010720231108193277, 0.004052147331755956, 0.0006610385381283719, 0.0017093073044387942, -0.0030956608841773915, 0.0011175636927380434, -0.0003576139845975877, 0.00238424639943803, 0.0027631080902747037, 0.003550532870334936, 0.00731596689785601, 0.0005565074773233686, -0.0035157951290193464, 0.0003867208238525977, 0.0038795453966342444]
    all_errors: [4.486781319837901e-05, 4.486770974101832e-05, 4.486764953622561e-05, 4.486782287177138e-05, 4.486788414913257e-05, 4.4867363598667934e-05, 4.486749721360166e-05, 4.486788859603872e-05, 4.486725986627698e-05, 4.486781936133829e-05, 4.486796093745406e-05, 4.486758295043025e-05, 4.486790522780354e-05, 4.486783243566674e-05, 4.486799970611933e-05, 4.486791717052437e-05, 4.486791551817823e-05, 4.486775332487643e-05, 4.486778254433345e-05, 4.4867775797864314e-05, 4.486738536377672e-05, 4.486786106292467e-05, 4.486783856232542e-05, 4.486786502835347e-05, 4.486767124007066e-05]
    mean_extracted: 0.0017956337067141516
    stddev_extracted: 0.0029292433624044352