jobs:
  - bin_index: 9
    events: 445137
    expected_events: 1428019843
    X_min: 0.00414
    X_max: 0.005
    Q_min: 0
    Q_max: 1000
    Z_min: -99999
    Z_max: 99999
    PhPerp_min: -99999
    PhPerp_max: 99999
    used_reconstructed_kinematics: true
    n_injections: 25
    injected: 0
    all_extracted: [0.006828099870224934, 0.0036113622492333548, 0.0010582579274025744, 0.006926737834904305, 0.0006362333427672812, 0.003466106337353704, 0.009380234388772599, 0.006573956775948645, 0.002119988958991671, 0.00035114420067734015, 0.0032632196490065143, 0.002994137433185872, 0.004416779627288226, 0.0030919373772246798, 0.005782931640542204, 0.008277164312119337, 0.006607717617810181, 0.002504878971342196, 0.004106318763619795, 0.005056668259424928, 0.005825175803130908, 0.0013221918901511523, 0.003024672111295473, 0.0038736330150565407, 0.001503216911262322]
    all_errors: [3.472689856193459e-05, 3.472691142744271e-05, 3.4727172679580285e-05, 3.4726824788407574e-05, 3.4727203223783384e-05, 3.472696515776637e-05, 3.472629955489988e-05, 3.472692992831929e-05, 3.47270485999716e-05, 3.472716652977817e-05, 3.472694637987516e-05, 3.4727090076804287e-05, 3.472731115532412e-05, 3.4727150918778933e-05, 3.4726816563942425e-05, 3.4726363937558325e-05, 3.4726972017581997e-05, 3.472704468245044e-05, 3.472715088543464e-05, 3.4727012033178e-05, 3.472675802708953e-05, 3.4727145659502256e-05, 3.4727200937766705e-05, 3.472714074964524e-05, 3.472722879593244e-05]
    mean_extracted: 0.004104110610749469
    stddev_extracted: 0.0024239341881090834