jobs:
  - bin_index: 11
    events: 649541
    expected_events: 1420415134
    X_min: 0.006123
    X_max: 0.007766
    Q_min: 0
    Q_max: 1000
    Z_min: -99999
    Z_max: 99999
    PhPerp_min: -99999
    PhPerp_max: 99999
    used_reconstructed_kinematics: true
    n_injections: 25
    injected: 0
    all_extracted: [0.004369790045301622, 0.004175647604679839, 0.0033482634219197368, 0.0038254484517679928, 0.006035187837970928, 0.00413240782632535, 0.005947699398184122, 0.0023179984965599754, 0.00011049309185939458, 2.922197288977716e-05, 0.001026702568495064, 0.003568468934154173, 0.003355439227613446, 0.007416317093059116, 0.0021481618106474775, 0.003047091668857307, 0.005181388448707721, 0.0005756562689941895, 0.005960029345917404, 0.0051348059337721534, 0.0033873928103823553, 0.0012447452239072515, 0.004322671400618486, 0.0027778815518678893, 0.009644771152013929]
    all_errors: [2.8953128308678117e-05, 2.8953217832796565e-05, 2.895315432506431e-05, 2.8953095963102718e-05, 2.8952980055209378e-05, 2.8953239399503295e-05, 2.8952913948754415e-05, 2.8953248104516914e-05, 2.8953229937465422e-05, 2.895323075597249e-05, 2.8953042556664287e-05, 2.8953115686271942e-05, 2.895315361944186e-05, 2.895268308965675e-05, 2.8953283351133147e-05, 2.895310109255831e-05, 2.8952794593171307e-05, 2.895325687157685e-05, 2.895309106395765e-05, 2.895304609733519e-05, 2.8953034098384722e-05, 2.8953256605874877e-05, 2.8953028386240358e-05, 2.8953213728670994e-05, 2.8952255751673213e-05]
    mean_extracted: 0.0037233472634586673
    stddev_extracted: 0.002286890407927243