jobs:
  - bin_index: 8
    events: 379041
    expected_events: 1423329919
    X_min: 0.003432
    X_max: 0.00414
    Q_min: 0
    Q_max: 1000
    Z_min: -99999
    Z_max: 99999
    PhPerp_min: -99999
    PhPerp_max: 99999
    used_reconstructed_kinematics: true
    n_injections: 25
    injected: 0
    all_extracted: [0.005997793335505431, 0.0014960043821625633, 0.00012486008645101602, 2.3255082979520194e-05, 0.002683790535607024, 0.0021342844757481208, 0.0023391764787921146, 0.006381031005252891, 0.0020613462588929283, 0.007114190424441539, 0.0020856552601576117, 0.003663337314012936, 0.00104631985866426, 0.007022419811314502, 0.0031238743545567087, 0.006097902170270673, 0.007464201894753941, 0.0025427605234401027, 0.004565689674641979, 0.00685487429009508, -0.0008501814362345178, 0.003175111607797661, 0.0016491487958997545, 0.0035303032296450845, 0.005301440164946043]
    all_errors: [3.702153988592924e-05, 3.702214773135573e-05, 3.7022184042636835e-05, 3.702219182411382e-05, 3.702222213325787e-05, 3.7021987872893205e-05, 3.7022044609040595e-05, 3.7022004458964135e-05, 3.702221358724432e-05, 3.702199751496094e-05, 3.702206671198276e-05, 3.702206093189857e-05, 3.702220059081864e-05, 3.702201291023272e-05, 3.702207601200811e-05, 3.702166895278136e-05, 3.702192862912946e-05, 3.7022173460211776e-05, 3.70217906590077e-05, 3.7021422632081984e-05, 3.7022325766418566e-05, 3.702197175606592e-05, 3.7022191553402926e-05, 3.702186461139679e-05, 3.702195523352036e-05]
    mean_extracted: 0.003505143583191799
    stddev_extracted: 0.0024419427715117003