jobs:
  - bin_index: 7
    events: 316960
    expected_events: 1415173266
    X_min: 0.002835
    X_max: 0.003432
    Q_min: 0
    Q_max: 1000
    Z_min: -99999
    Z_max: 99999
    PhPerp_min: -99999
    PhPerp_max: 99999
    used_reconstructed_kinematics: true
    n_injections: 25
    injected: 0
    all_extracted: [0.004332540932379507, 0.006193488116381938, 0.010198023867976707, 0.008067071950907258, 0.0022972147543641377, 0.0065976506782545056, 0.0012668797527963568, 0.001434365479216132, 0.008670060174488002, 0.005677101068506687, 0.006993702726453919, 0.004849637147492688, 0.0010158184024258174, 0.005999404293399192, 0.0013374075098343328, 0.004509656206204318, 0.0045342954554044934, 0.004472656936358038, 0.007303247323908461, 0.00504221549700915, 0.0017083250938680363, 0.0020293769719503586, 0.0038453375355250266, 0.005224686146131443, 0.0010950817293947678]
    all_errors: [3.87010121918301e-05, 3.870074130619772e-05, 3.870068124519391e-05, 3.8700730534054106e-05, 3.8701279135792335e-05, 3.870080729595386e-05, 3.870135072893211e-05, 3.8701299443427405e-05, 3.869980711892531e-05, 3.8701095931148775e-05, 3.87007686571296e-05, 3.870101547341447e-05, 3.870127849087072e-05, 3.8701222991063895e-05, 3.87013864109601e-05, 3.870092745260209e-05, 3.8701257898107845e-05, 3.870079201241613e-05, 3.8700547912357445e-05, 3.8700983904616254e-05, 3.8701229429313446e-05, 3.870122820943514e-05, 3.870103678304993e-05, 3.87009359940424e-05, 3.8701388153324363e-05]
    mean_extracted: 0.004587809830025251
    stddev_extracted: 0.002590870141196816