jobs:
  - bin_index: 5
    events: 258385
    expected_events: 1403463546
    X_min: 0.00188
    X_max: 0.002325
    Q_min: 0
    Q_max: 1000
    Z_min: -99999
    Z_max: 99999
    PhPerp_min: -99999
    PhPerp_max: 99999
    used_reconstructed_kinematics: true
    n_injections: 25
    injected: 0
    all_extracted: [0.0038026932228248473, 0.004128099690181249, 0.0015227955515944023, -0.0029923363371500873, -0.0019879781800016946, 0.007815498797378381, 0.0055768493644075615, 0.0004219654630502511, -0.004651150308207358, 0.0005564290645306324, -0.0004765187437517274, 0.006052386956185686, 0.005229339656507887, 0.005865134858019508, 0.002320187978211833, 0.007551486393174262, 0.0017083296844690233, -0.004293462359630925, 2.516635330025675e-05, -0.002627343677141809, 0.005271343046527948, 0.001663919812872626, 0.0029679406099276974, 0.006131333684059836, 0.004424699530534016]
    all_errors: [4.0416394138576256e-05, 4.041636149257594e-05, 4.0416732745386517e-05, 4.041670784741207e-05, 4.0416673216990103e-05, 4.041552024599362e-05, 4.041608074633628e-05, 4.041671490447892e-05, 4.041614689764874e-05, 4.0416722213405366e-05, 4.041674134983972e-05, 4.04161362774277e-05, 4.041634909018357e-05, 4.041606053696395e-05, 4.0416593526364925e-05, 4.041626116580169e-05, 4.041676476803826e-05, 4.041637867204618e-05, 4.041671797312647e-05, 4.041660123668582e-05, 4.0416535916795446e-05, 4.041661314263371e-05, 4.0416630192872984e-05, 4.041628096395259e-05, 4.041648616178264e-05]
    mean_extracted: 0.002240272404474972
    stddev_extracted: 0.003659258696450604