jobs:
  - bin_index: 0
    events: 209872
    expected_events: 1168292955
    X_min: 0.000269
    X_max: 0.000542
    Q_min: 0
    Q_max: 1000
    Z_min: -99999
    Z_max: 99999
    PhPerp_min: -99999
    PhPerp_max: 99999
    used_reconstructed_kinematics: true
    n_injections: 25
    injected: 0
    all_extracted: [0.011340322793207366, 0.001627103378917146, 0.00793563356318756, 0.004113525293247954, 0.003458874124794671, 0.008103439379432163, -0.00033759841132887687, 0.009298583991219809, 0.007841277261314818, 0.007487673725960009, -0.00016599167691349318, -0.0008296792087552443, -0.002298315026980934, 0.0028008170037915016, 0.0011762288206844226, -0.005933517693302735, -0.00391570721063378, -0.005316674623627191, 0.007435328526350231, 0.011040881343211956, 0.008725259305003084, 0.014067712393144747, -0.0031651426477790536, -0.0006156425644756125, 0.0036154829985765554]
    all_errors: [6.616806079860926e-05, 6.616975027231675e-05, 6.616912356963546e-05, 6.616915945521215e-05, 6.616956955805348e-05, 6.616871690641274e-05, 6.616953210720642e-05, 6.616868675690408e-05, 6.616881295239923e-05, 6.61688638698154e-05, 6.61697286343626e-05, 6.616962823583645e-05, 6.616941754947339e-05, 6.616990851538266e-05, 6.616965752208448e-05, 6.616914097925247e-05, 6.616944290648109e-05, 6.61684356566694e-05, 6.616891871166975e-05, 6.616844260139066e-05, 6.616805126730879e-05, 6.616602555042173e-05, 6.616970642202081e-05, 6.61697105842358e-05, 6.616954705318214e-05]
    mean_extracted: 0.0034995949935298833
    stddev_extracted: 0.005610414772112321