jobs:
  - bin_index: 3
    events: 253301
    expected_events: 1400245410
    X_min: 0.001137
    X_max: 0.001489
    Q_min: 0
    Q_max: 1000
    Z_min: -99999
    Z_max: 99999
    PhPerp_min: -99999
    PhPerp_max: 99999
    used_reconstructed_kinematics: true
    n_injections: 25
    injected: 0
    all_extracted: [0.003459696527813519, 0.004542163703491406, 0.0026802958233505844, 0.0026793983324515025, 0.0049672781409370575, 0.004901711749105583, 0.004020437428358029, 0.004889049186142832, 0.004954152182214615, -0.006059023257864507, 0.0021871688452241075, -0.00039443469220714977, 0.0014330347314223532, 0.006670136294940422, 0.002762910829019121, 0.0005341581933776934, -0.002984741313957145, 0.005385952128558027, 0.00560157212839034, -0.003495495320381626, 0.003591954725728831, 0.006022842519000321, 0.0016835972255185119, 0.0024771390652178786, 0.007506397528678146]
    all_errors: [4.263628407302014e-05, 4.2636335310627974e-05, 4.2636262589491665e-05, 4.263636454378495e-05, 4.2635847911489835e-05, 4.2636215756156e-05, 4.26359838620066e-05, 4.2636372290951474e-05, 4.263640459310877e-05, 4.263617233395918e-05, 4.263638555397276e-05, 4.263650098165942e-05, 4.263649872476812e-05, 4.2636027257410037e-05, 4.263626333136303e-05, 4.263649079198653e-05, 4.263649855087414e-05, 4.263628500264878e-05, 4.263643380317599e-05, 4.263621038121542e-05, 4.263616144844037e-05, 4.263621255415422e-05, 4.26364276877724e-05, 4.263636308749975e-05, 4.2635555593504676e-05]
    mean_extracted: 0.0028006941081812177
    stddev_extracted: 0.0032678918176705586