jobs:
  - bin_index: 15
    events: 25350100
    expected_events: 1447817841
    X_min: 0.027715
    X_max: 0.999994
    Q_min: 0
    Q_max: 1000
    Z_min: -99999
    Z_max: 99999
    PhPerp_min: -99999
    PhPerp_max: 99999
    used_reconstructed_kinematics: true
    n_injections: 25
    injected: 0
    all_extracted: [0.048541053931543114, 0.04867029693077266, 0.04901658086825507, 0.04826321263332724, 0.048961090601258056, 0.048390245000293514, 0.04871821959443553, 0.049213805857223285, 0.04870408454579748, 0.04895105149770373, 0.0486300987840496, 0.04880352058882078, 0.04845182533955252, 0.04876396337802144, 0.049027882248389124, 0.048514587676177265, 0.048928566887948395, 0.048632586301680755, 0.04890917009807227, 0.04816677873096579, 0.04900526169768254, 0.04912243027703114, 0.048747215296157775, 0.04835979317198241, 0.04897342674737982]
    all_errors: [1.2090652517100502e-05, 1.2090514535306161e-05, 1.2090602434567975e-05, 1.2090914127510097e-05, 1.2090480536455546e-05, 1.2090660751457568e-05, 1.2090621170006638e-05, 1.2090463284407644e-05, 1.2090648989958468e-05, 1.2090661591652557e-05, 1.209070893402675e-05, 1.2090528735155411e-05, 1.2090746510981336e-05, 1.2090526691056694e-05, 1.2090289848095694e-05, 1.2090681405853191e-05, 1.2090522141609954e-05, 1.209069402904196e-05, 1.2090527903064388e-05, 1.209077142738048e-05, 1.2090462085088998e-05, 1.2090644656868341e-05, 1.2090641977099814e-05, 1.209077862766835e-05, 1.2090554771803401e-05]
    mean_extracted: 0.04873866994738085
    stddev_extracted: 0.0002771623255704018