jobs:
  - bin_index: 12
    events: 818310
    expected_events: 1399057152
    X_min: 0.007766
    X_max: 0.010347
    Q_min: 0
    Q_max: 1000
    Z_min: -99999
    Z_max: 99999
    PhPerp_min: -99999
    PhPerp_max: 99999
    used_reconstructed_kinematics: true
    n_injections: 25
    injected: 0
    all_extracted: [0.003149150109436526, 0.0027600584682384603, 0.0023122946250226134, 0.004466518192871588, 0.004378321447774956, 0.0065687550939311995, 0.0015178338448657552, 0.0023442986956825115, 0.004638249924909769, 0.005910408451603086, 0.008149678283789735, 0.004743287120611725, 0.006047893723642508, 0.002739208598006592, 0.005080823615193172, 0.000783622254216743, 0.005674824697427534, 0.00046044197473753994, 0.006276954838018449, 0.0059996596385907775, 0.007600425631140708, 0.005521185637520639, 0.006430304783116342, 0.002673467704278815, 0.004282903240578095]
    all_errors: [2.5825598307552998e-05, 2.5825524566197853e-05, 2.5825456226373785e-05, 2.5825415019452914e-05, 2.5825569465535377e-05, 2.5825232412666062e-05, 2.5825617224436828e-05, 2.5825611892669164e-05, 2.582543493041919e-05, 2.5825264987185604e-05, 2.582526812217658e-05, 2.582554895353021e-05, 2.582547423168711e-05, 2.5825560682776328e-05, 2.5825551687794143e-05, 2.5825627811295342e-05, 2.5825450725682682e-05, 2.5825627998913452e-05, 2.582539688055981e-05, 2.5825401069816285e-05, 2.5825248700783997e-05, 2.5825300169988567e-05, 2.5825192516753303e-05, 2.5825467263892463e-05, 2.5825568748528682e-05]
    mean_extracted: 0.004420422823808234
    stddev_extracted: 0.0020738303314852074