jobs:
  - bin_index: 14
    events: 1723976
    expected_events: 1409934537
    X_min: 0.015154
    X_max: 0.027715
    Q_min: 0
    Q_max: 1000
    Z_min: -99999
    Z_max: 99999
    PhPerp_min: -99999
    PhPerp_max: 99999
    used_reconstructed_kinematics: true
    n_injections: 25
    injected: 0
    all_extracted: [0.009061939281533656, 0.008687012952138749, 0.008964996734013528, 0.012019085943683845, 0.012429853503510483, 0.00989250960362846, 0.01086888008536228, 0.01311402162827503, 0.012106946687211264, 0.010297238326531392, 0.012073920393832219, 0.010644713546467394, 0.013294325113471702, 0.009541090656358255, 0.010523304770805895, 0.010632954160304839, 0.008755020965469642, 0.009918912450029986, 0.008808469713235548, 0.009898976374127054, 0.009235924809476614, 0.00992268674230686, 0.010644710166887993, 0.01053195627223179, 0.008223133492437173]
    all_errors: [1.981783743388995e-05, 1.981782036465157e-05, 1.981783821444683e-05, 1.9817373764185235e-05, 1.981729787640568e-05, 1.9817662135989145e-05, 1.981760096874467e-05, 1.981740774021427e-05, 1.9817579389688645e-05, 1.981753784395632e-05, 1.981722596913238e-05, 1.981767473633874e-05, 1.9817027764378816e-05, 1.9817781323626027e-05, 1.9817587128115972e-05, 1.9817546962538565e-05, 1.98177621903601e-05, 1.9817719915161844e-05, 1.981789984569687e-05, 1.981753475848954e-05, 1.9817960898458174e-05, 1.981765191318073e-05, 1.9817653722974808e-05, 1.9817652542824405e-05, 1.9818046438385454e-05]
    mean_extracted: 0.010403703374933267
    stddev_extracted: 0.0014209657582633117