jobs:
  - bin_index: 4
    events: 255127
    expected_events: 1398691619
    X_min: 0.001489
    X_max: 0.00188
    Q_min: 0
    Q_max: 1000
    Z_min: -99999
    Z_max: 99999
    PhPerp_min: -99999
    PhPerp_max: 99999
    used_reconstructed_kinematics: true
    n_injections: 25
    injected: 0
    all_extracted: [-0.000693755526564374, 0.0016364522689444026, 0.0008395799774488218, 0.0019333897433333185, 0.0026995477436966594, -0.0001853285473982867, 0.005301054343047429, 0.006556980967478906, -0.0003351411654049703, 0.004898842472713567, -0.00016281290889643682, 0.005994383973918089, -0.0009823355013495155, 0.005773914117120797, 0.005151916894600617, 0.0026312668984655846, 0.0008762616230259218, 0.0019227778297538761, 0.0048853244334953584, 0.005824252214649585, -0.00024102710479000935, 0.0013419768576947253, -0.0042951906891798034, 0.007389862369265902, 0.004847625143644376]
    all_errors: [4.145111669962364e-05, 4.14509362553608e-05, 4.1451161004084536e-05, 4.145104078580527e-05, 4.145114018735654e-05, 4.1451143029061204e-05, 4.145071673314918e-05, 4.145088617876712e-05, 4.1451177327475634e-05, 4.145074360758594e-05, 4.145115685642347e-05, 4.1450670840039786e-05, 4.145118612655583e-05, 4.145036780754661e-05, 4.145055735364066e-05, 4.14510415118848e-05, 4.145115611631758e-05, 4.1451067783259074e-05, 4.145098399721715e-05, 4.145046809442862e-05, 4.14511493608329e-05, 4.145115815164102e-05, 4.145109882533462e-05, 4.145035230193912e-05, 4.145053877552296e-05]
    mean_extracted: 0.002544392737148582
    stddev_extracted: 0.0029768572731164724