jobs:
  - bin_index: 6
    events: 270611
    expected_events: 1416482391
    X_min: 0.002325
    X_max: 0.002835
    Q_min: 0
    Q_max: 1000
    Z_min: -99999
    Z_max: 99999
    PhPerp_min: -99999
    PhPerp_max: 99999
    used_reconstructed_kinematics: true
    n_injections: 25
    injected: 0
    all_extracted: [0.0013062021519407384, 0.007526506532148606, 0.004650793973187514, 0.005153999857699655, 0.003626452704592872, 0.008390083643905314, 0.010594384703194508, -0.001000956140330772, 0.002412127396369963, 0.0007200169163344979, -9.093110376332789e-05, 0.009313365003036577, 0.0029166258103229857, 0.004629192852393086, 0.002950294658411812, 0.0008861211081275074, 0.006972354015181314, 0.003084510862139527, 0.0032502233503618125, -0.0011886680643171865, -0.002485910505832551, -0.0021591279218732807, 0.0035910136163366923, 0.002452944078398483, -0.002558945357728158]
    all_errors: [3.95428829612299e-05, 3.954169300928804e-05, 3.954262781018685e-05, 3.9542589142319356e-05, 3.954262143591932e-05, 3.954187119719106e-05, 3.954160546627988e-05, 3.9542976168035804e-05, 3.9542884561369514e-05, 3.9542927105383934e-05, 3.9542942688570164e-05, 3.954154976187225e-05, 3.9542826323180794e-05, 3.9542413325601496e-05, 3.9542822358069725e-05, 3.954292468798401e-05, 3.954209229592911e-05, 3.954285765526372e-05, 3.9542814679015805e-05, 3.954294093715234e-05, 3.954288131355057e-05, 3.954290029703818e-05, 3.954258463110857e-05, 3.954272777888224e-05, 3.954282636936019e-05]
    mean_extracted: 0.0029977069656095274
    stddev_extracted: 0.003637740611177614