jobs:
  - bin_index: 10
    events: 519460
    expected_events: 1402189297
    X_min: 0.005
    X_max: 0.006123
    Q_min: 0
    Q_max: 1000
    Z_min: -99999
    Z_max: 99999
    PhPerp_min: -99999
    PhPerp_max: 99999
    used_reconstructed_kinematics: true
    n_injections: 25
    injected: 0
    all_extracted: [0.002448897115452513, 0.004037059298010745, 0.004404840806972562, 0.004999771737902866, 0.003054419676123318, 0.004823091529302112, 0.003583181243934347, 0.006300717070180072, 0.0033665725729548966, 0.0041583995839906815, 8.289382967547124e-05, 0.0035190893823151084, 0.006051360048336477, 0.006288875368606559, 0.00043190338212462803, 0.005790013010783532, 0.005491760579963194, 0.004407128376427158, 0.005036410077428204, 0.003366537719999472, 0.003657247912187131, 0.006964375499591146, 0.006082240618508557, 0.003907274299173023, 0.0005748665168726693]
    all_errors: [3.227554256407573e-05, 3.2275345801785534e-05, 3.227540863546419e-05, 3.227543076536686e-05, 3.2275635752500346e-05, 3.227546481011179e-05, 3.2275697650773596e-05, 3.227520750484274e-05, 3.227546101412557e-05, 3.22753522638779e-05, 3.227559231717901e-05, 3.227538705646792e-05, 3.227504204460562e-05, 3.2275340563092055e-05, 3.227560005692879e-05, 3.227545041382381e-05, 3.2275232813184765e-05, 3.227541398554382e-05, 3.227543611385146e-05, 3.2275591638388785e-05, 3.227530270334045e-05, 3.2275063608016835e-05, 3.227549593144139e-05, 3.2275476236162056e-05, 3.227559247947469e-05]
    mean_extracted: 0.0041131570902726575
    stddev_extracted: 0.0018316710464820305