jobs:
  - bin_index: 13
    events: 1114780
    expected_events: 1403831380
    X_min: 0.010347
    X_max: 0.015154
    Q_min: 0
    Q_max: 1000
    Z_min: -99999
    Z_max: 99999
    PhPerp_min: -99999
    PhPerp_max: 99999
    used_reconstructed_kinematics: true
    n_injections: 25
    injected: 0
    all_extracted: [0.005899829100007895, 0.004536674149777658, 0.009318861978052448, 0.008775936965009504, 0.004297315651314776, 0.005133074682949382, 0.0037866702423157038, 0.006717124084505001, 0.004839715511674718, 0.005078624403511126, 0.006809747479208712, 0.003218661145696792, 0.0039052317111886916, 0.004267606470923155, 0.0038224257241162834, 0.004108180289969863, 0.00516187208456125, 0.006037930668692568, 0.006049872616931601, 0.005272734634863496, 0.0054405369995719835, 0.003944000587285745, 0.0058690144668640054, 0.005845532095956862, 0.004465463528960073]
    all_errors: [2.2560929223440504e-05, 2.2561053627114884e-05, 2.2560270590375733e-05, 2.2560815936142264e-05, 2.2560999254097965e-05, 2.25609076869057e-05, 2.2561030384987884e-05, 2.256081116277875e-05, 2.2560918983820178e-05, 2.25609991456431e-05, 2.2560859713233506e-05, 2.2561072389942686e-05, 2.2560883056776435e-05, 2.2560985592761414e-05, 2.2560982874146418e-05, 2.2560956928532546e-05, 2.2560896893290333e-05, 2.2560736463746904e-05, 2.256078660600996e-05, 2.2560817054767198e-05, 2.256085196786074e-05, 2.256094616651375e-05, 2.2560885279146957e-05, 2.256087362990485e-05, 2.256100325045382e-05]
    mean_extracted: 0.005304105490956371
    stddev_extracted: 0.0014761594585021509