jobs:
  - bin_index: 1
    events: 250089
    expected_events: 1396359032
    X_min: 0.000542
    X_max: 0.000821
    Q_min: 0
    Q_max: 1000
    Z_min: -99999
    Z_max: 99999
    PhPerp_min: -99999
    PhPerp_max: 99999
    used_reconstructed_kinematics: true
    n_injections: 25
    injected: 0
    all_extracted: [0.0018877374947636211, -0.001639452101349559, 0.0010214753302303643, 0.001363805095682502, 0.007438451382546693, 0.00312116549269568, 0.007052761153079199, 0.0038249037313201548, 0.0056224185648507405, 0.00496451362034254, 0.0039528070176636405, 0.008838242981689604, 0.004911495068198651, 0.009991471434853835, 0.005728845906189699, 0.0018476437571609038, -0.004471720063962858, 0.00018681180554834705, -0.0011386156190606842, 0.0073569764403790105, -0.007612892131969626, -0.001291014157955021, 0.007416542735600499, 0.00125778314684374, 0.01025550694338109]
    all_errors: [4.926379936232326e-05, 4.9263628873228956e-05, 4.926365504335968e-05, 4.926358826538147e-05, 4.926260974551909e-05, 4.926342123363502e-05, 4.926291091736045e-05, 4.9263577902001636e-05, 4.926334422325976e-05, 4.926323853834313e-05, 4.92635081269255e-05, 4.926247467603183e-05, 4.9263161550096176e-05, 4.92622941974118e-05, 4.926341317790137e-05, 4.926379408808301e-05, 4.9263543341944434e-05, 4.926366214362479e-05, 4.9263599411565406e-05, 4.9262990841566385e-05, 4.9262688420949895e-05, 4.926358155302792e-05, 4.926316698921428e-05, 4.9263767667803944e-05, 4.926235916678885e-05]
    mean_extracted: 0.0032755066011489102
    stddev_extracted: 0.004459987766397167