jobs:
  - bin_index: 4
    events: 373549
    expected_events: 91588768
    X_min: 0.010189
    X_max: 0.013595
    Q_min: 0
    Q_max: 1000
    Z_min: -99999
    Z_max: 99999
    PhPerp_min: -99999
    PhPerp_max: 99999
    used_reconstructed_kinematics: true
    n_injections: 25
    injected: 0
    all_extracted: [-0.001970647531207439, 0.0012910355855901587, -0.0014054772477501863, 0.0019489831447708048, 0.0013890132212246475, 0.0008902437648104734, 0.002575474946582105, 0.0007931254253990698, 0.005497093738335312, 0.001696790465802333, 0.0006638383676269823, 0.0013631690621925129, 0.002854836182995764, 0.0017316764489230098, 0.0008674036128899714, -0.0010704979777199223, 6.883075965097643e-05, 0.0014613792137871018, 0.00046717303118016813, 0.002395482615230426, 0.003026970104402916, -0.0007343837762597775, -0.0021917689385744068, -0.0017522111360563496, 0.0015030668126255198]
    all_errors: [0.0001568736823619125, 0.0001568740155717893, 0.0001568741737034241, 0.00015687385341944357, 0.00015687426488614111, 0.0001568739623832689, 0.0001568736506325605, 0.00015687394930785368, 0.0001568725332825431, 0.00015687375623537125, 0.00015687388293716056, 0.00015687350898456237, 0.00015687336702584274, 0.0001568736991087471, 0.00015687390877313959, 0.00015687392501609435, 0.00015687394684224139, 0.00015687365731635656, 0.0001568738699495243, 0.00015687325514762194, 0.00015687363490868048, 0.00015687392267695445, 0.0001568735952186841, 0.00015687407265963681, 0.00015687385321756073]
    mean_extracted: 0.0009344239958580868
    stddev_extracted: 0.0017778118026767758