jobs:
  - bin_index: 2
    events: 358152
    expected_events: 91225989
    X_min: 0.005172
    X_max: 0.007434
    Q_min: 0
    Q_max: 1000
    Z_min: -99999
    Z_max: 99999
    PhPerp_min: -99999
    PhPerp_max: 99999
    used_reconstructed_kinematics: true
    n_injections: 25
    injected: 0
    all_extracted: [-0.001683488212130678, 0.0013758947125513906, -0.0027728764240598147, -0.0034422609212375493, -0.004089546935929773, 0.0018839099993921487, 0.005202117536351387, 0.0001145308006500731, -0.0011184743267908216, 0.0057026944101597555, -0.005361011440536682, 0.00017771379939616702, -0.0006443014715116187, -0.0007099709112047762, -0.002765059258317916, 0.0035788300587900382, -0.003714246751523725, -0.0028298925700009085, -0.0007919521969598467, -0.002483109837704345, -0.003411438043982996, 0.001365723610645585, 0.00016865927871741106, 0.0025634793583445637, 0.0002745572095934285]
    all_errors: [0.00016807970303606837, 0.00016808001144886115, 0.00016807975080025388, 0.00016807922461874801, 0.00016807868039818007, 0.00016807978107555077, 0.0001680781424380125, 0.00016807979764312474, 0.00016807992719722356, 0.00016807853507180433, 0.0001680762012473911, 0.00016807982866925565, 0.00016807981485051203, 0.00016807970089016908, 0.0001680798402805933, 0.0001680784136751506, 0.00016807871554532587, 0.000168078736984097, 0.0001680798379540782, 0.0001680798806126755, 0.00016808001473915548, 0.00016807979934889482, 0.00016807981521016892, 0.00016807923006890193, 0.00016807981978826138]
    mean_extracted: -0.00053638074109198
    stddev_extracted: 0.0028658410139203805