jobs:
  - bin_index: 11
    events: 425215
    expected_events: 9297435
    X_min: 0.112483
    X_max: 0.128967
    Q_min: 0
    Q_max: 1000
    Z_min: -99999
    Z_max: 99999
    PhPerp_min: -99999
    PhPerp_max: 99999
    used_reconstructed_kinematics: true
    n_injections: 25
    injected: 0
    all_extracted: [0.011033565983425465, 0.00963717950209699, 0.011082844255042974, 0.009568687467375004, 0.008874427483781696, 0.007778762849036789, 0.0076138266687847, 0.010389538095556131, 0.009226450399316516, 0.014339752783249397, 0.009363561234480107, 0.006717054647509195, 0.015578312648370935, 0.013587054898639216, 0.01151144216741094, 0.00848541905440496, 0.00928714141855199, 0.005009248396427072, 0.012316568548655787, 0.007019402461220325, 0.010292277725270771, 0.009433268569370786, 0.010125907518454791, 0.011904594479010697, 0.01036260122703017]
    all_errors: [0.00020515050576873597, 0.00020515258381962137, 0.0002051481873125195, 0.00020515100078341168, 0.0002051519365314826, 0.00020515304173063394, 0.00020515295314390202, 0.00020515194176544546, 0.00020515105285629924, 0.0002051431856019658, 0.00020515294851185576, 0.00020515517268200327, 0.00020513865483984674, 0.0002051434331139412, 0.0002051471794228473, 0.00020515299217728472, 0.00020515309684970915, 0.00020515682823581184, 0.00020514637337474878, 0.00020515354620192773, 0.00020515056348301657, 0.00020515113631471433, 0.00020515109343850415, 0.00020514807345568402, 0.00020515107381884398]
    mean_extracted: 0.010021555619298936
    stddev_extracted: 0.0023945984668024534