jobs:
  - bin_index: 5
    events: 492712
    expected_events: 92347521
    X_min: 0.013595
    X_max: 0.017915
    Q_min: 0
    Q_max: 1000
    Z_min: -99999
    Z_max: 99999
    PhPerp_min: -99999
    PhPerp_max: 99999
    used_reconstructed_kinematics: true
    n_injections: 25
    injected: 0
    all_extracted: [-0.0053448569501960514, 0.0016961646478879525, 0.0009148949031693045, 0.002735391970535725, -0.0033002157529512985, -5.208855219696241e-05, 0.0005470181268122714, 0.0008206684628715239, 0.00045702473692087696, 0.0008820501270706883, -0.0003254375732572737, 0.0011095600411956518, 0.0008545169161773055, -0.004314167469686283, -0.0007580053678458175, 0.0009158015470411225, -0.00020482072555324258, -0.002339577111162847, -0.003046055213525257, 0.0026272848998344185, 0.0042200008377579375, -0.0027445647745158825, -0.002737658597876012, -0.004015638557114878, 0.0018108618343980274]
    all_errors: [0.000150822786489896, 0.000150823331160272, 0.0001508235563948061, 0.00015082321435198719, 0.00015082261928112508, 0.00015082354067694976, 0.0001508235851731915, 0.00015082337862825035, 0.0001508235170913968, 0.00015082340421880498, 0.00015082352271943308, 0.0001508235083803874, 0.0001508234213037696, 0.00015082220404286716, 0.00015082347683927628, 0.00015082341077469932, 0.000150823583562982, 0.00015082330961778572, 0.00015082308609109897, 0.00015082325976146837, 0.00015082202033976012, 0.000150822935196112, 0.00015082329958119328, 0.0001508226413566091, 0.0001508233977985416]
    mean_extracted: -0.00038367390376836
    stddev_extracted: 0.002457700968920069