jobs:
  - bin_index: 13
    events: 1426851
    expected_events: 9119524
    X_min: 0.151917
    X_max: 0.187309
    Q_min: 0
    Q_max: 1000
    Z_min: -99999
    Z_max: 99999
    PhPerp_min: -99999
    PhPerp_max: 99999
    used_reconstructed_kinematics: true
    n_injections: 25
    injected: 0
    all_extracted: [0.015577642958374664, 0.013935544034417302, 0.013097250207871586, 0.013942462114090103, 0.017256513193867555, 0.018477399248432752, 0.016217483457347984, 0.01636360816369559, 0.01631333639605354, 0.01816880221147404, 0.014807779626786787, 0.016906860074912475, 0.014416584124994313, 0.012837544597954817, 0.017206291809251473, 0.018705538376338485, 0.01311384099457044, 0.013975896125529054, 0.015459104161876003, 0.016318121189988932, 0.01538836660950663, 0.01817328367570507, 0.012429980547944952, 0.010501424159570758, 0.015266109578877966]
    all_errors: [0.00019190280732366363, 0.00019190572407537477, 0.00019190594866507426, 0.00019190575461252237, 0.0001919009182296805, 0.00019189822306101348, 0.00019190634774464687, 0.00019190273978264032, 0.00019190029226978035, 0.00019189420249336774, 0.00019190241421542523, 0.00019190148344552818, 0.00019190543778362795, 0.00019190650170126985, 0.0001918977415795404, 0.00019189440275419722, 0.00019190566072836888, 0.0001919059102286969, 0.00019190380245396671, 0.00019189953952512115, 0.0001919015546510564, 0.000191900579806522, 0.00019190971061223326, 0.00019190990583687397, 0.00019190334323216916]
    mean_extracted: 0.015394270705577336
    stddev_extracted: 0.0020974975951818884