jobs:
  - bin_index: 12
    events: 753863
    expected_events: 9262739
    X_min: 0.128967
    X_max: 0.151917
    Q_min: 0
    Q_max: 1000
    Z_min: -99999
    Z_max: 99999
    PhPerp_min: -99999
    PhPerp_max: 99999
    used_reconstructed_kinematics: true
    n_injections: 25
    injected: 0
    all_extracted: [0.015379679446490163, 0.013054635716539215, 0.013705090396474029, 0.005489642900447115, 0.007625028003506835, 0.00853526167775026, 0.012148313991510474, 0.011930747973939804, 0.009945025966257275, 0.010212937486257428, 0.016340270555214507, 0.008221947979036501, 0.011128321348618934, 0.013766541818546326, 0.012514943223579248, 0.008119767709188454, 0.010092852257235984, 0.013502051921541464, 0.010700402033086972, 0.012832056582923674, 0.011223262917692501, 0.015785458180862886, 0.011336545996157722, 0.011795143391190529, 0.00977564533423065]
    all_errors: [0.00020059714069602184, 0.00020060481194771832, 0.00020060154029767578, 0.0002006109004321317, 0.0002006082092775713, 0.00020060793523459438, 0.0002006047424014898, 0.0002006059055971371, 0.00020060519853748316, 0.0002006069864653408, 0.0002005906969375382, 0.00020060905090759588, 0.00020060549376472647, 0.00020060044495844755, 0.0002006048479063354, 0.00020060581481793347, 0.00020060450927175303, 0.00020060034867956842, 0.00020060541851941438, 0.0002006022822046743, 0.00020060469499554045, 0.0002005988755580946, 0.00020060594416015072, 0.00020060243704774934, 0.00020060505048201112]
    mean_extracted: 0.011406462992331159
    stddev_extracted: 0.002650145847887587