jobs:
  - bin_index: 8
    events: 1270750
    expected_events: 93311652
    X_min: 0.031775
    X_max: 0.048173
    Q_min: 0
    Q_max: 1000
    Z_min: -99999
    Z_max: 99999
    PhPerp_min: -99999
    PhPerp_max: 99999
    used_reconstructed_kinematics: true
    n_injections: 25
    injected: 0
    all_extracted: [0.005484316118323402, 0.0036124001349957715, 0.0015396640804903983, 0.0014276636193766871, 0.003058177997305889, 0.0032455765531964847, -0.0007362248742807378, 0.001301073099259507, 0.0020147992190830038, 0.0022474078145402684, 0.0024267846620621932, 0.002061705798173238, 0.0023458808520616004, 0.003845551290771321, 0.0007377456793642201, 0.0040350569011078415, 0.003781507561931303, 0.0021212284339448637, 0.003280029186114935, 0.003087641810816375, 0.003927163824728007, 0.00033899016080918786, 0.0031647904586576386, 0.001665901294558477, 0.0036508515251134767]
    all_errors: [9.804666825931868e-05, 9.804807841947195e-05, 9.804844758257026e-05, 9.804775094917908e-05, 9.804814924531337e-05, 9.80480623458795e-05, 9.804836126522868e-05, 9.804836051633175e-05, 9.804846861900369e-05, 9.804841936524805e-05, 9.804832129416552e-05, 9.804775387636969e-05, 9.804811028566739e-05, 9.804799203498676e-05, 9.804837808160307e-05, 9.80478332132884e-05, 9.80485240789283e-05, 9.804774150525357e-05, 9.804782549831697e-05, 9.804825308626803e-05, 9.804829903594066e-05, 9.804837797124188e-05, 9.804786239690392e-05, 9.804847599758395e-05, 9.80475285598867e-05]
    mean_extracted: 0.0025466273281002146
    stddev_extracted: 0.0013638283868692667