jobs:
  - bin_index: 6
    events: 653675
    expected_events: 92485274
    X_min: 0.017915
    X_max: 0.02349
    Q_min: 0
    Q_max: 1000
    Z_min: -99999
    Z_max: 99999
    PhPerp_min: -99999
    PhPerp_max: 99999
    used_reconstructed_kinematics: true
    n_injections: 25
    injected: 0
    all_extracted: [0.0022385180546026853, -0.0024453877927628222, 0.0015510809984572024, -0.00045656028888326107, -0.00029149372833618784, 4.632812228165062e-05, 0.001225114240880227, 0.0026634360135426036, 0.002858767134489397, 0.0007383895511009829, 0.0022579975664234996, 0.002745565936997602, 0.002182504004655571, 0.002705592362070025, -0.0036834043303999257, 0.008243399617561315, 0.0009306409540259179, -0.002829152795881625, 0.0008518603407397836, 0.007061033421432208, 0.0014115604002216875, -0.0006354744181352473, 0.003247252424473198, -0.0005741728460810674, -0.0014556314721629222]
    all_errors: [0.00013743004969428568, 0.00013743040354037992, 0.00013743088425011247, 0.00013743081877780916, 0.00013743082275101154, 0.00013743081006397392, 0.00013743067661516523, 0.00013743040447019948, 0.0001374309443935713, 0.00013742997594412649, 0.00013743062010963418, 0.0001374302167653555, 0.00013743133523315943, 0.00013742996595959186, 0.00013742981280989456, 0.00013742793965686043, 0.00013743072691514607, 0.00013743041803350223, 0.00013742996339414444, 0.00013742831422561014, 0.00013743046409346905, 0.00013743079135276973, 0.00013743101001802344, 0.0001374307857487835, 0.0001374307504751193]
    mean_extracted: 0.0012235105388525
    stddev_extracted: 0.0026977253549281