jobs:
  - bin_index: 10
    events: 353892
    expected_events: 9273517
    X_min: 0.1
    X_max: 0.112483
    Q_min: 0
    Q_max: 1000
    Z_min: -99999
    Z_max: 99999
    PhPerp_min: -99999
    PhPerp_max: 99999
    used_reconstructed_kinematics: true
    n_injections: 25
    injected: 0
    all_extracted: [0.010057239379656597, 0.008844776912373523, 0.0076768517167574, 0.011023136785236629, 0.010672695468257875, 0.004897115484721059, 0.002443373937595361, 0.00893758200228953, 0.005375871542013078, 0.006866282999571218, 0.009940628089789304, 0.007231615434411235, 0.006462978113654505, 0.009494664394038071, 0.0004818823361347161, 0.009006556027235291, 0.01148673418098543, 0.00911247544647276, 0.010806262132148923, 0.004361114468818554, 0.011136209184116619, 0.007180077778268042, 0.011534187958933401, 0.009722189541289967, 0.009117342702365857]
    all_errors: [0.00021030464064815825, 0.00021030355649305125, 0.0002103077348701437, 0.0002103010546081975, 0.0002103013774256491, 0.00021030862625934555, 0.0002103098884847507, 0.00021030278281446426, 0.00021030831850931092, 0.00021030592750009866, 0.00021030402047602558, 0.00021030866075955298, 0.00021030886100411895, 0.00021030418529596824, 0.00021031044668643107, 0.00021030417160964853, 0.00021029956031877266, 0.00021030624814952494, 0.00021030313528956407, 0.00021030961445841692, 0.00021030056984071494, 0.00021030651293070377, 0.0002103012905340432, 0.00021030475060623553, 0.0002103060214002814]
    mean_extracted: 0.008154793760685399
    stddev_extracted: 0.002875912702216009