jobs:
  - bin_index: 7
    events: 860589
    expected_events: 93047744
    X_min: 0.02349
    X_max: 0.031775
    Q_min: 0
    Q_max: 1000
    Z_min: -99999
    Z_max: 99999
    PhPerp_min: -99999
    PhPerp_max: 99999
    used_reconstructed_kinematics: true
    n_injections: 25
    injected: 0
    all_extracted: [0.0016647236156037738, 0.004308443632549785, 0.0020531773010218353, -0.0016516809383501883, 0.0016596865907410217, 0.0010733655305568681, -0.0003719455864808051, 0.0021815908698677535, 0.0016288835239820399, 0.002324473884320983, 0.002638909632555279, 0.003283042966395569, 0.0024931486269063243, 0.0044877068179985345, 0.0025062569966447165, 0.0012555180448789193, 0.0019032812516696276, 0.0035887379393674725, 0.003211268821153695, 0.002528137146627341, 0.0016271187150190005, -0.0003561811537135506, 0.0023596573404216043, 0.0013640168926516213, 0.00033382271670389567]
    all_errors: [0.00011977878058725384, 0.00011977942598567172, 0.00011977937998467236, 0.00011977896843886316, 0.00011977906148029837, 0.00011977931130726776, 0.00011977990708701576, 0.00011977911802008378, 0.00011977911850914532, 0.00011977930797013758, 0.00011977873296791739, 0.00011977857494543666, 0.00011977956401743507, 0.00011977815997405609, 0.00011977892395870496, 0.00011977904438198552, 0.00011977979759164463, 0.00011977961796330239, 0.00011977847599202091, 0.00011977924804310364, 0.00011977848277501576, 0.00011977923302925424, 0.00011977881455314213, 0.00011977942101038665, 0.00011977927263859767]
    mean_extracted: 0.0019238064471637248
    stddev_extracted: 0.001415499726313165