jobs:
  - bin_index: 14
    events: 2757225
    expected_events: 9084201
    X_min: 0.187309
    X_max: 0.25499
    Q_min: 0
    Q_max: 1000
    Z_min: -99999
    Z_max: 99999
    PhPerp_min: -99999
    PhPerp_max: 99999
    used_reconstructed_kinematics: true
    n_injections: 25
    injected: 0
    all_extracted: [0.01915124855238131, 0.019460236972414474, 0.019211774464103958, 0.020092746353750576, 0.01790238810959104, 0.018453993570179072, 0.01724645046530745, 0.017070581227567546, 0.018451160380515044, 0.016916062567204678, 0.02015966119919672, 0.016909553061426285, 0.016702011313074704, 0.019678489985691168, 0.01766970433963492, 0.017662220857695525, 0.015403862988787697, 0.018103847403393276, 0.017971024060488724, 0.019312773149696965, 0.019026021910786752, 0.01741286371958704, 0.01768245787748028, 0.01730151281185473, 0.0175729961319171]
    all_errors: [0.00020005134932638883, 0.00020005009250038396, 0.00020004925790734356, 0.00020004984991853688, 0.00020005522233767915, 0.0002000521907824643, 0.0002000547362075897, 0.00020005465533348495, 0.00020005257275720613, 0.0002000567770122653, 0.00020004501490267655, 0.00020005441146693593, 0.00020005378876764658, 0.0002000494428586023, 0.00020005239621590258, 0.0002000555534805447, 0.00020005719774108033, 0.00020005295167816947, 0.0002000557167947707, 0.00020004886533170777, 0.00020004705627322796, 0.00020005282777873205, 0.0002000549506993758, 0.00020005555244231076, 0.0002000538012906182]
    mean_extracted: 0.018101025738949082
    stddev_extracted: 0.0011778897770014086