jobs:
  - bin_index: 1
    events: 356619
    expected_events: 91269297
    X_min: 0.003268
    X_max: 0.005172
    Q_min: 0
    Q_max: 1000
    Z_min: -99999
    Z_max: 99999
    PhPerp_min: -99999
    PhPerp_max: 99999
    used_reconstructed_kinematics: true
    n_injections: 25
    injected: 0
    all_extracted: [0.00026710698756161454, -0.0019679993977584653, -0.0006769592263620338, 0.0018564298659947912, -0.0026756763925963843, 0.0027933812365594614, -0.0012379965199339467, 0.005103401432108204, 0.004400125277293742, -0.00225250932593473, 0.00015549791730360557, 0.005192016809081601, 0.004294747032219498, 0.0023295247001709637, 0.0001364116690692641, 0.004205762261408033, -0.0006979038562428929, 0.0006307992353426147, 0.0024632796037807538, 0.0008514377719259516, -0.0013994269240858981, 0.002896950363092352, 0.00136771611607389, 0.0005225054386396237, 0.0018945266900446838]
    all_errors: [0.00018115885875548318, 0.00018115942579552733, 0.00018115853168770705, 0.00018115918633027637, 0.00018115828870942684, 0.00018115788609525675, 0.0001811586040429426, 0.0001811586464763526, 0.0001811578199313034, 0.00018115694769666466, 0.0001811588017917601, 0.00018115833065499354, 0.00018115804323093828, 0.0001811580761224011, 0.0001811588394476167, 0.00018115792686958853, 0.00018115868877088283, 0.00018115878609422707, 0.00018115704228324192, 0.00018115866138727573, 0.00018115857986134308, 0.0001811585470958345, 0.00018115895935738458, 0.00018115874925824055, 0.00018115861605108252]
    mean_extracted: 0.0012181259505902522
    stddev_extracted: 0.00232780964329571