jobs:
  - bin_index: 15
    events: 5716403
    expected_events: 9199892
    X_min: 0.25499
    X_max: 0.999896
    Q_min: 0
    Q_max: 1000
    Z_min: -99999
    Z_max: 99999
    PhPerp_min: -99999
    PhPerp_max: 99999
    used_reconstructed_kinematics: true
    n_injections: 25
    injected: 0
    all_extracted: [0.006560039580658478, 0.008175282343998082, 0.007078591055156741, 0.0076716908618313755, 0.008667794936275112, 0.00822993845958487, 0.009163743894639304, 0.008675639270424227, 0.007873754713903423, 0.006874702705821402, 0.008044785456503148, 0.007842811549163409, 0.007969572922197935, 0.007929906307927741, 0.008091944531042792, 0.007883862096675248, 0.005930874093724116, 0.006368062000818984, 0.00812395460460307, 0.00820561609652949, 0.008295760924909523, 0.009965606479949676, 0.007377252662153756, 0.006964324650323895, 0.008804325971553601]
    all_errors: [0.00022426356289751296, 0.00022426114990376707, 0.00022426344915154627, 0.00022426429277798562, 0.00022426279076773507, 0.00022426242518182793, 0.00022426304983797873, 0.00022426248846338606, 0.00022426290371071003, 0.00022426354236272617, 0.00022426207850016926, 0.00022426284412715422, 0.00022426319050486657, 0.00022426314729632346, 0.00022426199217701124, 0.0002242626561459624, 0.00022426376585692374, 0.00022426407392578255, 0.000224261474300542, 0.00022426247052773372, 0.00022426270341659413, 0.00022426021969194448, 0.00022426439377158867, 0.00022426305742701786, 0.00022426131529832866]
    mean_extracted: 0.007870793526814775
    stddev_extracted: 0.0008979276537004801