jobs:
  - bin_index: 0
    events: 346955
    expected_events: 89392761
    X_min: 0.001306
    X_max: 0.003268
    Q_min: 0
    Q_max: 1000
    Z_min: -99999
    Z_max: 99999
    PhPerp_min: -99999
    PhPerp_max: 99999
    used_reconstructed_kinematics: true
    n_injections: 25
    injected: 0
    all_extracted: [-0.0018768004144765842, 0.003655972770318966, -0.0006335473800339421, 0.002786627181164093, 0.0008106858452461415, -0.006903363826828405, -0.0016239320104743764, -0.003879174232775561, -0.004937476098449859, 0.00299704840363567, 0.002145529676511596, -0.005279286307698131, 0.005539843237412171, 0.007146970203631918, 0.0065151428342404595, 0.0023452594776720128, 0.005513608480515153, 0.0018680735678644812, 0.003291466791808181, 0.00014747874298201688, 0.006789781385377905, 0.0028144190016647177, -0.0009354978691058713, 0.003250544025623129, -0.0021099986885209834]
    all_errors: [0.00022602165363158418, 0.00022601946041795535, 0.00022602105654258317, 0.00022602146794119547, 0.00022602114647799282, 0.0002260224606907407, 0.00022602078277080237, 0.0002260206977853868, 0.0002260182653217979, 0.00022602115067733584, 0.00022602176865074055, 0.0002260219758497185, 0.00022602040428186673, 0.00022601915308780287, 0.00022602091060606086, 0.0002260210710498344, 0.00022601936556830674, 0.00022601969249045055, 0.0002260213565383954, 0.00022602121887780992, 0.00022601894619200027, 0.0002260206166368496, 0.00022602135981229074, 0.00022602269696889106, 0.0002260217858769946]
    mean_extracted: 0.0011775749918921958
    stddev_extracted: 0.0039083184203547675