jobs:
  - bin_index: 3
    events: 363917
    expected_events: 91879520
    X_min: 0.007434
    X_max: 0.010189
    Q_min: 0
    Q_max: 1000
    Z_min: -99999
    Z_max: 99999
    PhPerp_min: -99999
    PhPerp_max: 99999
    used_reconstructed_kinematics: true
    n_injections: 25
    injected: 0
    all_extracted: [-0.0007859211188835336, -0.0008978403475510476, 1.634936853054628e-05, -0.004833456268480073, 0.0018057143261669684, -0.00046565535752635074, 0.0021000632726309483, 0.000733581097859235, -0.0007219018253467591, 0.0017495742387141308, -0.001641288354144851, 0.0009564843586699463, 0.0004309476364864882, -0.0029643432807630807, 0.0012752230971798371, -0.0022955560693504557, 0.00047476505786557153, 0.0007325011358103797, 3.7639258740709315e-06, 0.00014544448216342908, 0.010128568548976131, 0.003430524218199494, -0.0014055250233347394, -0.0031925432323509917, 0.0024297899189418496]
    all_errors: [0.00016098567004025252, 0.0001609859926700554, 0.0001609858466520663, 0.00016098471706024089, 0.0001609856756338955, 0.00016098583703659286, 0.0001609857272474074, 0.0001609856943306928, 0.00016098584774969948, 0.0001609860930559252, 0.00016098558286017513, 0.00016098585115878456, 0.00016098585252119762, 0.0001609852159011479, 0.000160985539101694, 0.00016098566349477823, 0.0001609857732592045, 0.00016098587560258828, 0.0001609858062362338, 0.00016098580450801938, 0.00016098029172898878, 0.0001609855674739013, 0.00016098570302222663, 0.0001609851900390313, 0.00016098545477481095]
    mean_extracted: 0.00028837055225348576
    stddev_extracted: 0.0027943705364454926