jobs:
  - bin_index: 9
    events: 2249704
    expected_events: 94575140
    X_min: 0.048173
    X_max: 0.1
    Q_min: 0
    Q_max: 1000
    Z_min: -99999
    Z_max: 99999
    PhPerp_min: -99999
    PhPerp_max: 99999
    used_reconstructed_kinematics: true
    n_injections: 25
    injected: 0
    all_extracted: [0.0066588187573825815, 0.005517112064957432, 0.005371300429939647, 0.005127885185807871, 0.005652646473081679, 0.00613932893251267, 0.007038552998711055, 0.0060120455751725066, 0.006281398642527676, 0.0050844569605827065, 0.004141490534306578, 0.005801425457815848, 0.004518281392103453, 0.004906306586319081, 0.00736200003784773, 0.004547464614780876, 0.007017822015585608, 0.0065322765724609, 0.004467188779899972, 0.005728921398281178, 0.005830823147117194, 0.0060654190453759815, 0.007486050280133248, 0.006682781146799506, 0.006457910831406146]
    all_errors: [7.532522394695446e-05, 7.532590219498188e-05, 7.53259506366792e-05, 7.532566882517245e-05, 7.532563621940505e-05, 7.532533117004976e-05, 7.532508634416481e-05, 7.532540252788697e-05, 7.532554528149413e-05, 7.532577146966817e-05, 7.532595709350516e-05, 7.532597506397641e-05, 7.532611785563443e-05, 7.532582725795821e-05, 7.532537349738761e-05, 7.532607444541144e-05, 7.532544025320655e-05, 7.532549585942075e-05, 7.532607615270193e-05, 7.532594580716923e-05, 7.532582733151474e-05, 7.532600222360826e-05, 7.532505825730084e-05, 7.532553001330541e-05, 7.532566744384001e-05]
    mean_extracted: 0.005857188314436366
    stddev_extracted: 0.0009344971796926904